4.924192726612091064e-01
6.170073151588439941e-01
6.552406549453735352e-01
6.776533126831054688e-01
6.974291801452636719e-01
7.165458798408508301e-01
7.429136633872985840e-01
7.442320585250854492e-01
7.560976147651672363e-01
7.640079855918884277e-01
7.686223387718200684e-01
7.818062305450439453e-01
7.851022481918334961e-01
7.930125594139099121e-01
8.154252171516418457e-01
8.035597205162048340e-01
8.147660493850708008e-01
8.352010846138000488e-01
8.213579654693603516e-01
8.457482457160949707e-01
8.503625988960266113e-01
8.477258086204528809e-01
8.569545745849609375e-01
8.675016760826110840e-01
8.740936517715454102e-01
8.767304420471191406e-01
8.826631903648376465e-01
8.859592080116271973e-01
8.892551660537719727e-01
8.912327289581298828e-01
8.932103514671325684e-01
9.017798900604248047e-01
9.096902608871459961e-01
9.063942432403564453e-01
9.136453866958618164e-01
9.222149848937988281e-01
9.195781946182250977e-01
9.235333204269409180e-01
9.202373623847961426e-01
9.288069009780883789e-01
9.321029186248779297e-01
9.347396492958068848e-01
9.248517155647277832e-01
9.406724572181701660e-01
9.419908523559570312e-01
9.452868103981018066e-01
9.393540620803833008e-01
9.400132298469543457e-01
9.452868103981018066e-01
9.499011635780334473e-01
