1.011426091194152832e+00
8.691924214363098145e-01
7.844246029853820801e-01
7.385641336441040039e-01
7.077558040618896484e-01
6.686245799064636230e-01
6.280382275581359863e-01
6.130840778350830078e-01
5.972256660461425781e-01
5.608255863189697266e-01
5.394080877304077148e-01
5.404617786407470703e-01
5.112851262092590332e-01
4.956870079040527344e-01
4.592368006706237793e-01
4.770902097225189209e-01
4.458106756210327148e-01
4.293800890445709229e-01
4.275568127632141113e-01
3.927587568759918213e-01
3.903315961360931396e-01
3.701856136322021484e-01
3.728337883949279785e-01
3.448755443096160889e-01
3.355571627616882324e-01
3.191659450531005859e-01
3.102986812591552734e-01
2.898071408271789551e-01
2.984234988689422607e-01
2.882067859172821045e-01
2.662462592124938965e-01
2.667942643165588379e-01
2.423208653926849365e-01
2.417401373386383057e-01
2.362487316131591797e-01
2.085190415382385254e-01
2.254845052957534790e-01
2.205888926982879639e-01
2.070028036832809448e-01
1.914862543344497681e-01
1.890294700860977173e-01
1.750364005565643311e-01
1.868518441915512085e-01
1.713990867137908936e-01
1.636483371257781982e-01
1.623837649822235107e-01
1.639923155307769775e-01
1.561275273561477661e-01
1.531485468149185181e-01
1.514536887407302856e-01
